((("Singh" .
   [1 0 0 0 0])
  ("vi" .
   [1 1])
  ("cptemp" .
   [2 0 0 0 0 0])
  ("include" .
   [0 0 0 0 2 0 4])
  ("ios_base" .
   [0 0 0 1 0 0 0 0])
  ("iostream" .
   [0 0 0 0 1 0 0 0])
  ("namespace" .
   [0 0 0 0 0 0 0 0 1])
  ("std" .
   [1 0 0])
  ("main" .
   [1 0 0 0])
  ("cin" .
   [3 0 0])
  ("req" .
   [0 0 1])
  ("root" .
   [6 0 0 0])
  ("weight" .
   [2 0 0 1 0 0])
  ("pair" .
   [3 1 0 0])
  ("in" .
   [2 0])
  ("pb" .
   [1 0])
  ("make_pair" .
   [0 0 0 0 0 1 0 0 0])
  ("pq" .
   [2 0])
  ("segt" .
   [0 0 0 1])
  ("second" .
   [2 0 0 0 0 0])
  ("union" .
   [0 0 0 0 1])
  ("n" .
   [1])
  ("cout" .
   [1 0 0 0])
  ("endl" .
   [1 0 0 0])
  ("first" .
   [1 0 0 0 0])
  ("vector" .
   [1 0 0 0 0 0])))
